2022/04/01-13:40:45.664972 400172f900 RocksDB version: 6.20.3
2022/04/01-13:40:45.666853 400172f900 Git sha 01028f411f86e930a5436f757837da08a3f48f1a
2022/04/01-13:40:45.666865 400172f900 Compile date 2021-07-31 16:27:06
2022/04/01-13:40:45.666947 400172f900 DB SUMMARY
2022/04/01-13:40:45.666954 400172f900 DB Session ID:  S08XAPMAH9PSE8YT20CI
2022/04/01-13:40:45.667911 400172f900 CURRENT file:  CURRENT
2022/04/01-13:40:45.667922 400172f900 IDENTITY file:  IDENTITY
2022/04/01-13:40:45.668587 400172f900 MANIFEST file:  MANIFEST-000004 size: 57 Bytes
2022/04/01-13:40:45.668604 400172f900 SST files in /data/meta dir, Total Num: 0, files: 
2022/04/01-13:40:45.668612 400172f900 Write Ahead Log file in /data/meta: 000005.log size: 0 ; 
2022/04/01-13:40:45.668620 400172f900                         Options.error_if_exists: 0
2022/04/01-13:40:45.668627 400172f900                       Options.create_if_missing: 1
2022/04/01-13:40:45.668632 400172f900                         Options.paranoid_checks: 1
2022/04/01-13:40:45.668637 400172f900                               Options.track_and_verify_wals_in_manifest: 0
2022/04/01-13:40:45.668645 400172f900                                     Options.env: 0x4a51880
2022/04/01-13:40:45.668651 400172f900                                      Options.fs: Posix File System
2022/04/01-13:40:45.668657 400172f900                                Options.info_log: 0x400354d1a0
2022/04/01-13:40:45.668662 400172f900                Options.max_file_opening_threads: 16
2022/04/01-13:40:45.668668 400172f900                              Options.statistics: (nil)
2022/04/01-13:40:45.668674 400172f900                               Options.use_fsync: 0
2022/04/01-13:40:45.668681 400172f900                       Options.max_log_file_size: 0
2022/04/01-13:40:45.668687 400172f900                  Options.max_manifest_file_size: 1073741824
2022/04/01-13:40:45.668692 400172f900                   Options.log_file_time_to_roll: 0
2022/04/01-13:40:45.668697 400172f900                       Options.keep_log_file_num: 1000
2022/04/01-13:40:45.668703 400172f900                    Options.recycle_log_file_num: 0
2022/04/01-13:40:45.668709 400172f900                         Options.allow_fallocate: 1
2022/04/01-13:40:45.668714 400172f900                        Options.allow_mmap_reads: 0
2022/04/01-13:40:45.668720 400172f900                       Options.allow_mmap_writes: 0
2022/04/01-13:40:45.668725 400172f900                        Options.use_direct_reads: 0
2022/04/01-13:40:45.668730 400172f900                        Options.use_direct_io_for_flush_and_compaction: 0
2022/04/01-13:40:45.668739 400172f900          Options.create_missing_column_families: 0
2022/04/01-13:40:45.668744 400172f900                              Options.db_log_dir: 
2022/04/01-13:40:45.668750 400172f900                                 Options.wal_dir: /data/meta
2022/04/01-13:40:45.668755 400172f900                Options.table_cache_numshardbits: 6
2022/04/01-13:40:45.668760 400172f900                         Options.WAL_ttl_seconds: 86400
2022/04/01-13:40:45.668765 400172f900                       Options.WAL_size_limit_MB: 1024
2022/04/01-13:40:45.668770 400172f900                        Options.max_write_batch_group_size_bytes: 1048576
2022/04/01-13:40:45.668776 400172f900             Options.manifest_preallocation_size: 4194304
2022/04/01-13:40:45.668781 400172f900                     Options.is_fd_close_on_exec: 1
2022/04/01-13:40:45.668786 400172f900                   Options.advise_random_on_open: 1
2022/04/01-13:40:45.668792 400172f900                    Options.db_write_buffer_size: 0
2022/04/01-13:40:45.668797 400172f900                    Options.write_buffer_manager: 0x4003579670
2022/04/01-13:40:45.668802 400172f900         Options.access_hint_on_compaction_start: 1
2022/04/01-13:40:45.668807 400172f900  Options.new_table_reader_for_compaction_inputs: 0
2022/04/01-13:40:45.668812 400172f900           Options.random_access_max_buffer_size: 1048576
2022/04/01-13:40:45.668817 400172f900                      Options.use_adaptive_mutex: 0
2022/04/01-13:40:45.668823 400172f900                            Options.rate_limiter: (nil)
2022/04/01-13:40:45.670298 400172f900     Options.sst_file_manager.rate_bytes_per_sec: 0
2022/04/01-13:40:45.670308 400172f900                       Options.wal_recovery_mode: 2
2022/04/01-13:40:45.670314 400172f900                  Options.enable_thread_tracking: 0
2022/04/01-13:40:45.670319 400172f900                  Options.enable_pipelined_write: 0
2022/04/01-13:40:45.670324 400172f900                  Options.unordered_write: 0
2022/04/01-13:40:45.670329 400172f900         Options.allow_concurrent_memtable_write: 1
2022/04/01-13:40:45.670334 400172f900      Options.enable_write_thread_adaptive_yield: 1
2022/04/01-13:40:45.670339 400172f900             Options.write_thread_max_yield_usec: 100
2022/04/01-13:40:45.670346 400172f900            Options.write_thread_slow_yield_usec: 3
2022/04/01-13:40:45.670352 400172f900                               Options.row_cache: None
2022/04/01-13:40:45.670357 400172f900                              Options.wal_filter: None
2022/04/01-13:40:45.670367 400172f900             Options.avoid_flush_during_recovery: 0
2022/04/01-13:40:45.670373 400172f900             Options.allow_ingest_behind: 0
2022/04/01-13:40:45.670378 400172f900             Options.preserve_deletes: 0
2022/04/01-13:40:45.670383 400172f900             Options.two_write_queues: 0
2022/04/01-13:40:45.670389 400172f900             Options.manual_wal_flush: 0
2022/04/01-13:40:45.670395 400172f900             Options.atomic_flush: 0
2022/04/01-13:40:45.670400 400172f900             Options.avoid_unnecessary_blocking_io: 0
2022/04/01-13:40:45.670405 400172f900                 Options.persist_stats_to_disk: 0
2022/04/01-13:40:45.670411 400172f900                 Options.write_dbid_to_manifest: 0
2022/04/01-13:40:45.670416 400172f900                 Options.log_readahead_size: 0
2022/04/01-13:40:45.670422 400172f900                 Options.file_checksum_gen_factory: Unknown
2022/04/01-13:40:45.670428 400172f900                 Options.best_efforts_recovery: 0
2022/04/01-13:40:45.670433 400172f900                Options.max_bgerror_resume_count: 2147483647
2022/04/01-13:40:45.670438 400172f900            Options.bgerror_resume_retry_interval: 1000000
2022/04/01-13:40:45.670443 400172f900             Options.allow_data_in_errors: 0
2022/04/01-13:40:45.670449 400172f900             Options.db_host_id: __hostname__
2022/04/01-13:40:45.670455 400172f900             Options.max_background_jobs: 16
2022/04/01-13:40:45.670461 400172f900             Options.max_background_compactions: -1
2022/04/01-13:40:45.670468 400172f900             Options.max_subcompactions: 1
2022/04/01-13:40:45.670473 400172f900             Options.avoid_flush_during_shutdown: 0
2022/04/01-13:40:45.670478 400172f900           Options.writable_file_max_buffer_size: 1048576
2022/04/01-13:40:45.670483 400172f900             Options.delayed_write_rate : 16777216
2022/04/01-13:40:45.670489 400172f900             Options.max_total_wal_size: 0
2022/04/01-13:40:45.670494 400172f900             Options.delete_obsolete_files_period_micros: 21600000000
2022/04/01-13:40:45.670499 400172f900                   Options.stats_dump_period_sec: 600
2022/04/01-13:40:45.670504 400172f900                 Options.stats_persist_period_sec: 600
2022/04/01-13:40:45.670509 400172f900                 Options.stats_history_buffer_size: 1048576
2022/04/01-13:40:45.670514 400172f900                          Options.max_open_files: -1
2022/04/01-13:40:45.670520 400172f900                          Options.bytes_per_sync: 0
2022/04/01-13:40:45.670527 400172f900                      Options.wal_bytes_per_sync: 0
2022/04/01-13:40:45.670532 400172f900                   Options.strict_bytes_per_sync: 0
2022/04/01-13:40:45.670537 400172f900       Options.compaction_readahead_size: 0
2022/04/01-13:40:45.670543 400172f900                  Options.max_background_flushes: -1
2022/04/01-13:40:45.670548 400172f900 Compression algorithms supported:
2022/04/01-13:40:45.670554 400172f900 	kZSTDNotFinalCompression supported: 0
2022/04/01-13:40:45.670559 400172f900 	kZSTD supported: 0
2022/04/01-13:40:45.671882 400172f900 	kXpressCompression supported: 0
2022/04/01-13:40:45.671891 400172f900 	kLZ4HCCompression supported: 0
2022/04/01-13:40:45.671897 400172f900 	kLZ4Compression supported: 0
2022/04/01-13:40:45.671903 400172f900 	kBZip2Compression supported: 0
2022/04/01-13:40:45.671908 400172f900 	kZlibCompression supported: 1
2022/04/01-13:40:45.671913 400172f900 	kSnappyCompression supported: 1
2022/04/01-13:40:45.671924 400172f900 Fast CRC32 supported: Not supported on x86
2022/04/01-13:40:45.676486 400172f900 [/version_set.cc:4626] Recovering from manifest file: /data/meta/MANIFEST-000004
2022/04/01-13:40:45.677570 400172f900 [/column_family.cc:596] --------------- Options for column family [default]:
2022/04/01-13:40:45.677582 400172f900               Options.comparator: leveldb.BytewiseComparator
2022/04/01-13:40:45.677588 400172f900           Options.merge_operator: UInt64AddOperator
2022/04/01-13:40:45.677593 400172f900        Options.compaction_filter: None
2022/04/01-13:40:45.677599 400172f900        Options.compaction_filter_factory: None
2022/04/01-13:40:45.677604 400172f900  Options.sst_partitioner_factory: None
2022/04/01-13:40:45.677609 400172f900         Options.memtable_factory: SkipListFactory
2022/04/01-13:40:45.677614 400172f900            Options.table_factory: BlockBasedTable
2022/04/01-13:40:45.677739 400172f900            table_factory options:   flush_block_policy_factory: FlushBlockBySizePolicyFactory (0x4001d3a040)
  cache_index_and_filter_blocks: 0
  cache_index_and_filter_blocks_with_high_priority: 1
  pin_l0_filter_and_index_blocks_in_cache: 0
  pin_top_level_index_and_filter: 1
  index_type: 0
  data_block_index_type: 0
  index_shortening: 1
  data_block_hash_table_util_ratio: 0.750000
  hash_index_allow_collision: 1
  checksum: 1
  no_block_cache: 0
  block_cache: 0x40036b5990
  block_cache_name: LRUCache
  block_cache_options:
    capacity : 8388608
    num_shard_bits : 4
    strict_capacity_limit : 0
    memory_allocator : None
    high_pri_pool_ratio: 0.000
  block_cache_compressed: (nil)
  persistent_cache: (nil)
  block_size: 4096
  block_size_deviation: 10
  block_restart_interval: 16
  index_block_restart_interval: 1
  metadata_block_size: 4096
  partition_filters: 0
  use_delta_encoding: 1
  filter_policy: nullptr
  whole_key_filtering: 1
  verify_compression: 0
  read_amp_bytes_per_bit: 0
  format_version: 5
  enable_index_compression: 1
  block_align: 0
2022/04/01-13:40:45.677757 400172f900        Options.write_buffer_size: 4194304
2022/04/01-13:40:45.677762 400172f900  Options.max_write_buffer_number: 2
2022/04/01-13:40:45.677768 400172f900        Options.compression[0]: NoCompression
2022/04/01-13:40:45.677774 400172f900        Options.compression[1]: NoCompression
2022/04/01-13:40:45.677780 400172f900        Options.compression[2]: Snappy
2022/04/01-13:40:45.677785 400172f900        Options.compression[3]: Snappy
2022/04/01-13:40:45.677790 400172f900        Options.compression[4]: Snappy
2022/04/01-13:40:45.677796 400172f900        Options.compression[5]: Snappy
2022/04/01-13:40:45.677801 400172f900        Options.compression[6]: Snappy
2022/04/01-13:40:45.677806 400172f900                  Options.bottommost_compression: Disabled
2022/04/01-13:40:45.677813 400172f900       Options.prefix_extractor: nullptr
2022/04/01-13:40:45.677818 400172f900   Options.memtable_insert_with_hint_prefix_extractor: nullptr
2022/04/01-13:40:45.677823 400172f900             Options.num_levels: 7
2022/04/01-13:40:45.677829 400172f900        Options.min_write_buffer_number_to_merge: 1
2022/04/01-13:40:45.677834 400172f900     Options.max_write_buffer_number_to_maintain: 0
2022/04/01-13:40:45.677839 400172f900     Options.max_write_buffer_size_to_maintain: 0
2022/04/01-13:40:45.677844 400172f900            Options.bottommost_compression_opts.window_bits: -14
2022/04/01-13:40:45.677850 400172f900                  Options.bottommost_compression_opts.level: 32767
2022/04/01-13:40:45.677855 400172f900               Options.bottommost_compression_opts.strategy: 0
2022/04/01-13:40:45.677860 400172f900         Options.bottommost_compression_opts.max_dict_bytes: 0
2022/04/01-13:40:45.679173 400172f900         Options.bottommost_compression_opts.zstd_max_train_bytes: 0
2022/04/01-13:40:45.679183 400172f900         Options.bottommost_compression_opts.parallel_threads: 1
2022/04/01-13:40:45.679189 400172f900                  Options.bottommost_compression_opts.enabled: false
2022/04/01-13:40:45.679194 400172f900         Options.bottommost_compression_opts.max_dict_buffer_bytes: 0
2022/04/01-13:40:45.679200 400172f900            Options.compression_opts.window_bits: -14
2022/04/01-13:40:45.679205 400172f900                  Options.compression_opts.level: 32767
2022/04/01-13:40:45.679210 400172f900               Options.compression_opts.strategy: 0
2022/04/01-13:40:45.679216 400172f900         Options.compression_opts.max_dict_bytes: 0
2022/04/01-13:40:45.679368 400172f900         Options.compression_opts.zstd_max_train_bytes: 0
2022/04/01-13:40:45.679375 400172f900         Options.compression_opts.parallel_threads: 1
2022/04/01-13:40:45.679381 400172f900                  Options.compression_opts.enabled: false
2022/04/01-13:40:45.679386 400172f900         Options.compression_opts.max_dict_buffer_bytes: 0
2022/04/01-13:40:45.679391 400172f900      Options.level0_file_num_compaction_trigger: 2
2022/04/01-13:40:45.679397 400172f900          Options.level0_slowdown_writes_trigger: 20
2022/04/01-13:40:45.679403 400172f900              Options.level0_stop_writes_trigger: 36
2022/04/01-13:40:45.679408 400172f900                   Options.target_file_size_base: 67108864
2022/04/01-13:40:45.679484 400172f900             Options.target_file_size_multiplier: 1
2022/04/01-13:40:45.679490 400172f900                Options.max_bytes_for_level_base: 536870912
2022/04/01-13:40:45.679496 400172f900 Options.level_compaction_dynamic_level_bytes: 0
2022/04/01-13:40:45.679501 400172f900          Options.max_bytes_for_level_multiplier: 10.000000
2022/04/01-13:40:45.679518 400172f900 Options.max_bytes_for_level_multiplier_addtl[0]: 1
2022/04/01-13:40:45.679523 400172f900 Options.max_bytes_for_level_multiplier_addtl[1]: 1
2022/04/01-13:40:45.679529 400172f900 Options.max_bytes_for_level_multiplier_addtl[2]: 1
2022/04/01-13:40:45.679534 400172f900 Options.max_bytes_for_level_multiplier_addtl[3]: 1
2022/04/01-13:40:45.679540 400172f900 Options.max_bytes_for_level_multiplier_addtl[4]: 1
2022/04/01-13:40:45.679545 400172f900 Options.max_bytes_for_level_multiplier_addtl[5]: 1
2022/04/01-13:40:45.679550 400172f900 Options.max_bytes_for_level_multiplier_addtl[6]: 1
2022/04/01-13:40:45.679556 400172f900       Options.max_sequential_skip_in_iterations: 8
2022/04/01-13:40:45.679561 400172f900                    Options.max_compaction_bytes: 1677721600
2022/04/01-13:40:45.679567 400172f900                        Options.arena_block_size: 524288
2022/04/01-13:40:45.679572 400172f900   Options.soft_pending_compaction_bytes_limit: 68719476736
2022/04/01-13:40:45.679577 400172f900   Options.hard_pending_compaction_bytes_limit: 274877906944
2022/04/01-13:40:45.679582 400172f900       Options.rate_limit_delay_max_milliseconds: 100
2022/04/01-13:40:45.679587 400172f900                Options.disable_auto_compactions: 0
2022/04/01-13:40:45.679595 400172f900                        Options.compaction_style: kCompactionStyleLevel
2022/04/01-13:40:45.679601 400172f900                          Options.compaction_pri: kMinOverlappingRatio
2022/04/01-13:40:45.679606 400172f900 Options.compaction_options_universal.size_ratio: 1
2022/04/01-13:40:45.679611 400172f900 Options.compaction_options_universal.min_merge_width: 2
2022/04/01-13:40:45.679617 400172f900 Options.compaction_options_universal.max_merge_width: 4294967295
2022/04/01-13:40:45.679622 400172f900 Options.compaction_options_universal.max_size_amplification_percent: 200
2022/04/01-13:40:45.679627 400172f900 Options.compaction_options_universal.compression_size_percent: -1
2022/04/01-13:40:45.679634 400172f900 Options.compaction_options_universal.stop_style: kCompactionStopStyleTotalSize
2022/04/01-13:40:45.680591 400172f900 Options.compaction_options_fifo.max_table_files_size: 1073741824
2022/04/01-13:40:45.680599 400172f900 Options.compaction_options_fifo.allow_compaction: 0
2022/04/01-13:40:45.680638 400172f900                   Options.table_properties_collectors: 
2022/04/01-13:40:45.680645 400172f900                   Options.inplace_update_support: 0
2022/04/01-13:40:45.680650 400172f900                 Options.inplace_update_num_locks: 10000
2022/04/01-13:40:45.680656 400172f900               Options.memtable_prefix_bloom_size_ratio: 0.000000
2022/04/01-13:40:45.680665 400172f900               Options.memtable_whole_key_filtering: 0
2022/04/01-13:40:45.680671 400172f900   Options.memtable_huge_page_size: 0
2022/04/01-13:40:45.680677 400172f900                           Options.bloom_locality: 0
2022/04/01-13:40:45.680682 400172f900                    Options.max_successive_merges: 0
2022/04/01-13:40:45.680687 400172f900                Options.optimize_filters_for_hits: 0
2022/04/01-13:40:45.680693 400172f900                Options.paranoid_file_checks: 0
2022/04/01-13:40:45.680699 400172f900                Options.force_consistency_checks: 1
2022/04/01-13:40:45.680705 400172f900                Options.report_bg_io_stats: 0
2022/04/01-13:40:45.680710 400172f900                               Options.ttl: 2592000
2022/04/01-13:40:45.680716 400172f900          Options.periodic_compaction_seconds: 0
2022/04/01-13:40:45.680721 400172f900                    Options.enable_blob_files: false
2022/04/01-13:40:45.680726 400172f900                        Options.min_blob_size: 0
2022/04/01-13:40:45.680731 400172f900                       Options.blob_file_size: 268435456
2022/04/01-13:40:45.680738 400172f900                Options.blob_compression_type: NoCompression
2022/04/01-13:40:45.680743 400172f900       Options.enable_blob_garbage_collection: false
2022/04/01-13:40:45.680748 400172f900   Options.blob_garbage_collection_age_cutoff: 0.250000
2022/04/01-13:40:45.686036 400172f900 [/version_set.cc:4666] Recovered from manifest file:/data/meta/MANIFEST-000004 succeeded,manifest_file_number is 4, next_file_number is 6, last_sequence is 0, log_number is 0,prev_log_number is 0,max_column_family is 0,min_log_number_to_keep is 0
2022/04/01-13:40:45.686054 400172f900 [/version_set.cc:4681] Column family [default] (ID 0), log number is 0
2022/04/01-13:40:45.688585 400172f900 [/version_set.cc:4118] Creating manifest 8
2022/04/01-13:40:45.699906 400172f900 EVENT_LOG_v1 {"time_micros": 1648820445699886, "job": 1, "event": "recovery_started", "wal_files": [5]}
2022/04/01-13:40:45.699924 400172f900 [/db_impl/db_impl_open.cc:854] Recovering log #5 mode 2
2022/04/01-13:40:45.700978 400172f900 [/version_set.cc:4118] Creating manifest 9
2022/04/01-13:40:45.713706 400172f900 EVENT_LOG_v1 {"time_micros": 1648820445713691, "job": 1, "event": "recovery_finished"}
2022/04/01-13:40:45.720193 400172f900 [/wal_manager.cc:281] Move log file /data/meta/000005.log to /data/meta/archive/000005.log -- OK
2022/04/01-13:40:45.723239 400172f900 [le/delete_scheduler.cc:73] Deleted file /data/meta/archive/000005.log immediately, rate_bytes_per_sec 0, total_trash_size 0 max_trash_db_ratio 0.250000
2022/04/01-13:40:45.736364 400172f900 [/db_impl/db_impl_open.cc:1756] SstFileManager instance 0x40034c1400
2022/04/01-13:40:45.737032 400172f900 DB pointer 0x4003516000
2022/04/01-13:40:48.741403 4040365700 [/db_impl/db_impl.cc:931] ------- DUMPING STATS -------
2022/04/01-13:40:48.742634 4040365700 [/db_impl/db_impl.cc:933] 
** DB Stats **
Uptime(secs): 3.1 total, 3.1 interval
Cumulative writes: 0 writes, 0 keys, 0 commit groups, 0.0 writes per commit group, ingest: 0.00 GB, 0.00 MB/s
Cumulative WAL: 0 writes, 0 syncs, 0.00 writes per sync, written: 0.00 GB, 0.00 MB/s
Cumulative stall: 00:00:0.000 H:M:S, 0.0 percent
Interval writes: 0 writes, 0 keys, 0 commit groups, 0.0 writes per commit group, ingest: 0.00 MB, 0.00 MB/s
Interval WAL: 0 writes, 0 syncs, 0.00 writes per sync, written: 0.00 MB, 0.00 MB/s
Interval stall: 00:00:0.000 H:M:S, 0.0 percent

** Compaction Stats [default] **
Level    Files   Size     Score Read(GB)  Rn(GB) Rnp1(GB) Write(GB) Wnew(GB) Moved(GB) W-Amp Rd(MB/s) Wr(MB/s) Comp(sec) CompMergeCPU(sec) Comp(cnt) Avg(sec) KeyIn KeyDrop Rblob(GB) Wblob(GB)
------------------------------------------------------------------------------------------------------------------------------------------------------------------------------------------------
 Sum      0/0    0.00 KB   0.0      0.0     0.0      0.0       0.0      0.0       0.0   0.0      0.0      0.0      0.00              0.00         0    0.000       0      0       0.0       0.0
 Int      0/0    0.00 KB   0.0      0.0     0.0      0.0       0.0      0.0       0.0   0.0      0.0      0.0      0.00              0.00         0    0.000       0      0       0.0       0.0

** Compaction Stats [default] **
Priority    Files   Size     Score Read(GB)  Rn(GB) Rnp1(GB) Write(GB) Wnew(GB) Moved(GB) W-Amp Rd(MB/s) Wr(MB/s) Comp(sec) CompMergeCPU(sec) Comp(cnt) Avg(sec) KeyIn KeyDrop Rblob(GB) Wblob(GB)
---------------------------------------------------------------------------------------------------------------------------------------------------------------------------------------------------

Blob file count: 0, total size: 0.0 GB

Uptime(secs): 3.1 total, 3.1 interval
Flush(GB): cumulative 0.000, interval 0.000
AddFile(GB): cumulative 0.000, interval 0.000
AddFile(Total Files): cumulative 0, interval 0
AddFile(L0 Files): cumulative 0, interval 0
AddFile(Keys): cumulative 0, interval 0
Cumulative compaction: 0.00 GB write, 0.00 MB/s write, 0.00 GB read, 0.00 MB/s read, 0.0 seconds
Interval compaction: 0.00 GB write, 0.00 MB/s write, 0.00 GB read, 0.00 MB/s read, 0.0 seconds
Stalls(count): 0 level0_slowdown, 0 level0_slowdown_with_compaction, 0 level0_numfiles, 0 level0_numfiles_with_compaction, 0 stop for pending_compaction_bytes, 0 slowdown for pending_compaction_bytes, 0 memtable_compaction, 0 memtable_slowdown, interval 0 total count

** File Read Latency Histogram By Level [default] **

** Compaction Stats [default] **
Level    Files   Size     Score Read(GB)  Rn(GB) Rnp1(GB) Write(GB) Wnew(GB) Moved(GB) W-Amp Rd(MB/s) Wr(MB/s) Comp(sec) CompMergeCPU(sec) Comp(cnt) Avg(sec) KeyIn KeyDrop Rblob(GB) Wblob(GB)
------------------------------------------------------------------------------------------------------------------------------------------------------------------------------------------------
 Sum      0/0    0.00 KB   0.0      0.0     0.0      0.0       0.0      0.0       0.0   0.0      0.0      0.0      0.00              0.00         0    0.000       0      0       0.0       0.0
 Int      0/0    0.00 KB   0.0      0.0     0.0      0.0       0.0      0.0       0.0   0.0      0.0      0.0      0.00              0.00         0    0.000       0      0       0.0       0.0

** Compaction Stats [default] **
Priority    Files   Size     Score Read(GB)  Rn(GB) Rnp1(GB) Write(GB) Wnew(GB) Moved(GB) W-Amp Rd(MB/s) Wr(MB/s) Comp(sec) CompMergeCPU(sec) Comp(cnt) Avg(sec) KeyIn KeyDrop Rblob(GB) Wblob(GB)
---------------------------------------------------------------------------------------------------------------------------------------------------------------------------------------------------

Blob file count: 0, total size: 0.0 GB

Uptime(secs): 3.1 total, 0.0 interval
Flush(GB): cumulative 0.000, interval 0.000
AddFile(GB): cumulative 0.000, interval 0.000
AddFile(Total Files): cumulative 0, interval 0
AddFile(L0 Files): cumulative 0, interval 0
AddFile(Keys): cumulative 0, interval 0
Cumulative compaction: 0.00 GB write, 0.00 MB/s write, 0.00 GB read, 0.00 MB/s read, 0.0 seconds
Interval compaction: 0.00 GB write, 0.00 MB/s write, 0.00 GB read, 0.00 MB/s read, 0.0 seconds
Stalls(count): 0 level0_slowdown, 0 level0_slowdown_with_compaction, 0 level0_numfiles, 0 level0_numfiles_with_compaction, 0 stop for pending_compaction_bytes, 0 slowdown for pending_compaction_bytes, 0 memtable_compaction, 0 memtable_slowdown, interval 0 total count

** File Read Latency Histogram By Level [default] **
2022/04/01-13:50:48.755400 4040365700 [/db_impl/db_impl.cc:931] ------- DUMPING STATS -------
2022/04/01-13:50:48.786405 4040365700 [/db_impl/db_impl.cc:933] 
** DB Stats **
Uptime(secs): 603.1 total, 600.0 interval
Cumulative writes: 0 writes, 0 keys, 0 commit groups, 0.0 writes per commit group, ingest: 0.00 GB, 0.00 MB/s
Cumulative WAL: 0 writes, 0 syncs, 0.00 writes per sync, written: 0.00 GB, 0.00 MB/s
Cumulative stall: 00:00:0.000 H:M:S, 0.0 percent
Interval writes: 0 writes, 0 keys, 0 commit groups, 0.0 writes per commit group, ingest: 0.00 MB, 0.00 MB/s
Interval WAL: 0 writes, 0 syncs, 0.00 writes per sync, written: 0.00 MB, 0.00 MB/s
Interval stall: 00:00:0.000 H:M:S, 0.0 percent

** Compaction Stats [default] **
Level    Files   Size     Score Read(GB)  Rn(GB) Rnp1(GB) Write(GB) Wnew(GB) Moved(GB) W-Amp Rd(MB/s) Wr(MB/s) Comp(sec) CompMergeCPU(sec) Comp(cnt) Avg(sec) KeyIn KeyDrop Rblob(GB) Wblob(GB)
------------------------------------------------------------------------------------------------------------------------------------------------------------------------------------------------
 Sum      0/0    0.00 KB   0.0      0.0     0.0      0.0       0.0      0.0       0.0   0.0      0.0      0.0      0.00              0.00         0    0.000       0      0       0.0       0.0
 Int      0/0    0.00 KB   0.0      0.0     0.0      0.0       0.0      0.0       0.0   0.0      0.0      0.0      0.00              0.00         0    0.000       0      0       0.0       0.0

** Compaction Stats [default] **
Priority    Files   Size     Score Read(GB)  Rn(GB) Rnp1(GB) Write(GB) Wnew(GB) Moved(GB) W-Amp Rd(MB/s) Wr(MB/s) Comp(sec) CompMergeCPU(sec) Comp(cnt) Avg(sec) KeyIn KeyDrop Rblob(GB) Wblob(GB)
---------------------------------------------------------------------------------------------------------------------------------------------------------------------------------------------------

Blob file count: 0, total size: 0.0 GB

Uptime(secs): 603.1 total, 600.0 interval
Flush(GB): cumulative 0.000, interval 0.000
AddFile(GB): cumulative 0.000, interval 0.000
AddFile(Total Files): cumulative 0, interval 0
AddFile(L0 Files): cumulative 0, interval 0
AddFile(Keys): cumulative 0, interval 0
Cumulative compaction: 0.00 GB write, 0.00 MB/s write, 0.00 GB read, 0.00 MB/s read, 0.0 seconds
Interval compaction: 0.00 GB write, 0.00 MB/s write, 0.00 GB read, 0.00 MB/s read, 0.0 seconds
Stalls(count): 0 level0_slowdown, 0 level0_slowdown_with_compaction, 0 level0_numfiles, 0 level0_numfiles_with_compaction, 0 stop for pending_compaction_bytes, 0 slowdown for pending_compaction_bytes, 0 memtable_compaction, 0 memtable_slowdown, interval 0 total count

** File Read Latency Histogram By Level [default] **

** Compaction Stats [default] **
Level    Files   Size     Score Read(GB)  Rn(GB) Rnp1(GB) Write(GB) Wnew(GB) Moved(GB) W-Amp Rd(MB/s) Wr(MB/s) Comp(sec) CompMergeCPU(sec) Comp(cnt) Avg(sec) KeyIn KeyDrop Rblob(GB) Wblob(GB)
------------------------------------------------------------------------------------------------------------------------------------------------------------------------------------------------
 Sum      0/0    0.00 KB   0.0      0.0     0.0      0.0       0.0      0.0       0.0   0.0      0.0      0.0      0.00              0.00         0    0.000       0      0       0.0       0.0
 Int      0/0    0.00 KB   0.0      0.0     0.0      0.0       0.0      0.0       0.0   0.0      0.0      0.0      0.00              0.00         0    0.000       0      0       0.0       0.0

** Compaction Stats [default] **
Priority    Files   Size     Score Read(GB)  Rn(GB) Rnp1(GB) Write(GB) Wnew(GB) Moved(GB) W-Amp Rd(MB/s) Wr(MB/s) Comp(sec) CompMergeCPU(sec) Comp(cnt) Avg(sec) KeyIn KeyDrop Rblob(GB) Wblob(GB)
---------------------------------------------------------------------------------------------------------------------------------------------------------------------------------------------------

Blob file count: 0, total size: 0.0 GB

Uptime(secs): 603.1 total, 0.0 interval
Flush(GB): cumulative 0.000, interval 0.000
AddFile(GB): cumulative 0.000, interval 0.000
AddFile(Total Files): cumulative 0, interval 0
AddFile(L0 Files): cumulative 0, interval 0
AddFile(Keys): cumulative 0, interval 0
Cumulative compaction: 0.00 GB write, 0.00 MB/s write, 0.00 GB read, 0.00 MB/s read, 0.0 seconds
Interval compaction: 0.00 GB write, 0.00 MB/s write, 0.00 GB read, 0.00 MB/s read, 0.0 seconds
Stalls(count): 0 level0_slowdown, 0 level0_slowdown_with_compaction, 0 level0_numfiles, 0 level0_numfiles_with_compaction, 0 stop for pending_compaction_bytes, 0 slowdown for pending_compaction_bytes, 0 memtable_compaction, 0 memtable_slowdown, interval 0 total count

** File Read Latency Histogram By Level [default] **
2022/04/01-14:00:40.046159 4057393700 [/db_impl/db_impl_compaction_flush.cc:1571] [default] Manual flush start.
2022/04/01-14:00:40.047225 4057393700 [/db_impl/db_impl_compaction_flush.cc:1581] [default] Manual flush finished, status: OK
2022/04/01-14:00:48.798372 4040365700 [/db_impl/db_impl.cc:931] ------- DUMPING STATS -------
2022/04/01-14:00:48.803755 4040365700 [/db_impl/db_impl.cc:933] 
** DB Stats **
Uptime(secs): 1203.1 total, 600.0 interval
Cumulative writes: 0 writes, 0 keys, 0 commit groups, 0.0 writes per commit group, ingest: 0.00 GB, 0.00 MB/s
Cumulative WAL: 0 writes, 0 syncs, 0.00 writes per sync, written: 0.00 GB, 0.00 MB/s
Cumulative stall: 00:00:0.000 H:M:S, 0.0 percent
Interval writes: 0 writes, 0 keys, 0 commit groups, 0.0 writes per commit group, ingest: 0.00 MB, 0.00 MB/s
Interval WAL: 0 writes, 0 syncs, 0.00 writes per sync, written: 0.00 MB, 0.00 MB/s
Interval stall: 00:00:0.000 H:M:S, 0.0 percent

** Compaction Stats [default] **
Level    Files   Size     Score Read(GB)  Rn(GB) Rnp1(GB) Write(GB) Wnew(GB) Moved(GB) W-Amp Rd(MB/s) Wr(MB/s) Comp(sec) CompMergeCPU(sec) Comp(cnt) Avg(sec) KeyIn KeyDrop Rblob(GB) Wblob(GB)
------------------------------------------------------------------------------------------------------------------------------------------------------------------------------------------------
 Sum      0/0    0.00 KB   0.0      0.0     0.0      0.0       0.0      0.0       0.0   0.0      0.0      0.0      0.00              0.00         0    0.000       0      0       0.0       0.0
 Int      0/0    0.00 KB   0.0      0.0     0.0      0.0       0.0      0.0       0.0   0.0      0.0      0.0      0.00              0.00         0    0.000       0      0       0.0       0.0

** Compaction Stats [default] **
Priority    Files   Size     Score Read(GB)  Rn(GB) Rnp1(GB) Write(GB) Wnew(GB) Moved(GB) W-Amp Rd(MB/s) Wr(MB/s) Comp(sec) CompMergeCPU(sec) Comp(cnt) Avg(sec) KeyIn KeyDrop Rblob(GB) Wblob(GB)
---------------------------------------------------------------------------------------------------------------------------------------------------------------------------------------------------

Blob file count: 0, total size: 0.0 GB

Uptime(secs): 1203.1 total, 600.0 interval
Flush(GB): cumulative 0.000, interval 0.000
AddFile(GB): cumulative 0.000, interval 0.000
AddFile(Total Files): cumulative 0, interval 0
AddFile(L0 Files): cumulative 0, interval 0
AddFile(Keys): cumulative 0, interval 0
Cumulative compaction: 0.00 GB write, 0.00 MB/s write, 0.00 GB read, 0.00 MB/s read, 0.0 seconds
Interval compaction: 0.00 GB write, 0.00 MB/s write, 0.00 GB read, 0.00 MB/s read, 0.0 seconds
Stalls(count): 0 level0_slowdown, 0 level0_slowdown_with_compaction, 0 level0_numfiles, 0 level0_numfiles_with_compaction, 0 stop for pending_compaction_bytes, 0 slowdown for pending_compaction_bytes, 0 memtable_compaction, 0 memtable_slowdown, interval 0 total count

** File Read Latency Histogram By Level [default] **

** Compaction Stats [default] **
Level    Files   Size     Score Read(GB)  Rn(GB) Rnp1(GB) Write(GB) Wnew(GB) Moved(GB) W-Amp Rd(MB/s) Wr(MB/s) Comp(sec) CompMergeCPU(sec) Comp(cnt) Avg(sec) KeyIn KeyDrop Rblob(GB) Wblob(GB)
------------------------------------------------------------------------------------------------------------------------------------------------------------------------------------------------
 Sum      0/0    0.00 KB   0.0      0.0     0.0      0.0       0.0      0.0       0.0   0.0      0.0      0.0      0.00              0.00         0    0.000       0      0       0.0       0.0
 Int      0/0    0.00 KB   0.0      0.0     0.0      0.0       0.0      0.0       0.0   0.0      0.0      0.0      0.00              0.00         0    0.000       0      0       0.0       0.0

** Compaction Stats [default] **
Priority    Files   Size     Score Read(GB)  Rn(GB) Rnp1(GB) Write(GB) Wnew(GB) Moved(GB) W-Amp Rd(MB/s) Wr(MB/s) Comp(sec) CompMergeCPU(sec) Comp(cnt) Avg(sec) KeyIn KeyDrop Rblob(GB) Wblob(GB)
---------------------------------------------------------------------------------------------------------------------------------------------------------------------------------------------------

Blob file count: 0, total size: 0.0 GB

Uptime(secs): 1203.1 total, 0.0 interval
Flush(GB): cumulative 0.000, interval 0.000
AddFile(GB): cumulative 0.000, interval 0.000
AddFile(Total Files): cumulative 0, interval 0
AddFile(L0 Files): cumulative 0, interval 0
AddFile(Keys): cumulative 0, interval 0
Cumulative compaction: 0.00 GB write, 0.00 MB/s write, 0.00 GB read, 0.00 MB/s read, 0.0 seconds
Interval compaction: 0.00 GB write, 0.00 MB/s write, 0.00 GB read, 0.00 MB/s read, 0.0 seconds
Stalls(count): 0 level0_slowdown, 0 level0_slowdown_with_compaction, 0 level0_numfiles, 0 level0_numfiles_with_compaction, 0 stop for pending_compaction_bytes, 0 slowdown for pending_compaction_bytes, 0 memtable_compaction, 0 memtable_slowdown, interval 0 total count

** File Read Latency Histogram By Level [default] **
2022/04/01-14:10:48.813193 4040365700 [/db_impl/db_impl.cc:931] ------- DUMPING STATS -------
2022/04/01-14:10:48.828192 4040365700 [/db_impl/db_impl.cc:933] 
** DB Stats **
Uptime(secs): 1803.1 total, 600.0 interval
Cumulative writes: 0 writes, 0 keys, 0 commit groups, 0.0 writes per commit group, ingest: 0.00 GB, 0.00 MB/s
Cumulative WAL: 0 writes, 0 syncs, 0.00 writes per sync, written: 0.00 GB, 0.00 MB/s
Cumulative stall: 00:00:0.000 H:M:S, 0.0 percent
Interval writes: 0 writes, 0 keys, 0 commit groups, 0.0 writes per commit group, ingest: 0.00 MB, 0.00 MB/s
Interval WAL: 0 writes, 0 syncs, 0.00 writes per sync, written: 0.00 MB, 0.00 MB/s
Interval stall: 00:00:0.000 H:M:S, 0.0 percent

** Compaction Stats [default] **
Level    Files   Size     Score Read(GB)  Rn(GB) Rnp1(GB) Write(GB) Wnew(GB) Moved(GB) W-Amp Rd(MB/s) Wr(MB/s) Comp(sec) CompMergeCPU(sec) Comp(cnt) Avg(sec) KeyIn KeyDrop Rblob(GB) Wblob(GB)
------------------------------------------------------------------------------------------------------------------------------------------------------------------------------------------------
 Sum      0/0    0.00 KB   0.0      0.0     0.0      0.0       0.0      0.0       0.0   0.0      0.0      0.0      0.00              0.00         0    0.000       0      0       0.0       0.0
 Int      0/0    0.00 KB   0.0      0.0     0.0      0.0       0.0      0.0       0.0   0.0      0.0      0.0      0.00              0.00         0    0.000       0      0       0.0       0.0

** Compaction Stats [default] **
Priority    Files   Size     Score Read(GB)  Rn(GB) Rnp1(GB) Write(GB) Wnew(GB) Moved(GB) W-Amp Rd(MB/s) Wr(MB/s) Comp(sec) CompMergeCPU(sec) Comp(cnt) Avg(sec) KeyIn KeyDrop Rblob(GB) Wblob(GB)
---------------------------------------------------------------------------------------------------------------------------------------------------------------------------------------------------

Blob file count: 0, total size: 0.0 GB

Uptime(secs): 1803.1 total, 600.0 interval
Flush(GB): cumulative 0.000, interval 0.000
AddFile(GB): cumulative 0.000, interval 0.000
AddFile(Total Files): cumulative 0, interval 0
AddFile(L0 Files): cumulative 0, interval 0
AddFile(Keys): cumulative 0, interval 0
Cumulative compaction: 0.00 GB write, 0.00 MB/s write, 0.00 GB read, 0.00 MB/s read, 0.0 seconds
Interval compaction: 0.00 GB write, 0.00 MB/s write, 0.00 GB read, 0.00 MB/s read, 0.0 seconds
Stalls(count): 0 level0_slowdown, 0 level0_slowdown_with_compaction, 0 level0_numfiles, 0 level0_numfiles_with_compaction, 0 stop for pending_compaction_bytes, 0 slowdown for pending_compaction_bytes, 0 memtable_compaction, 0 memtable_slowdown, interval 0 total count

** File Read Latency Histogram By Level [default] **

** Compaction Stats [default] **
Level    Files   Size     Score Read(GB)  Rn(GB) Rnp1(GB) Write(GB) Wnew(GB) Moved(GB) W-Amp Rd(MB/s) Wr(MB/s) Comp(sec) CompMergeCPU(sec) Comp(cnt) Avg(sec) KeyIn KeyDrop Rblob(GB) Wblob(GB)
------------------------------------------------------------------------------------------------------------------------------------------------------------------------------------------------
 Sum      0/0    0.00 KB   0.0      0.0     0.0      0.0       0.0      0.0       0.0   0.0      0.0      0.0      0.00              0.00         0    0.000       0      0       0.0       0.0
 Int      0/0    0.00 KB   0.0      0.0     0.0      0.0       0.0      0.0       0.0   0.0      0.0      0.0      0.00              0.00         0    0.000       0      0       0.0       0.0

** Compaction Stats [default] **
Priority    Files   Size     Score Read(GB)  Rn(GB) Rnp1(GB) Write(GB) Wnew(GB) Moved(GB) W-Amp Rd(MB/s) Wr(MB/s) Comp(sec) CompMergeCPU(sec) Comp(cnt) Avg(sec) KeyIn KeyDrop Rblob(GB) Wblob(GB)
---------------------------------------------------------------------------------------------------------------------------------------------------------------------------------------------------

Blob file count: 0, total size: 0.0 GB

Uptime(secs): 1803.1 total, 0.0 interval
Flush(GB): cumulative 0.000, interval 0.000
AddFile(GB): cumulative 0.000, interval 0.000
AddFile(Total Files): cumulative 0, interval 0
AddFile(L0 Files): cumulative 0, interval 0
AddFile(Keys): cumulative 0, interval 0
Cumulative compaction: 0.00 GB write, 0.00 MB/s write, 0.00 GB read, 0.00 MB/s read, 0.0 seconds
Interval compaction: 0.00 GB write, 0.00 MB/s write, 0.00 GB read, 0.00 MB/s read, 0.0 seconds
Stalls(count): 0 level0_slowdown, 0 level0_slowdown_with_compaction, 0 level0_numfiles, 0 level0_numfiles_with_compaction, 0 stop for pending_compaction_bytes, 0 slowdown for pending_compaction_bytes, 0 memtable_compaction, 0 memtable_slowdown, interval 0 total count

** File Read Latency Histogram By Level [default] **
2022/04/01-14:20:48.842862 4040365700 [/db_impl/db_impl.cc:931] ------- DUMPING STATS -------
2022/04/01-14:20:48.851537 4040365700 [/db_impl/db_impl.cc:933] 
** DB Stats **
Uptime(secs): 2403.2 total, 600.0 interval
Cumulative writes: 0 writes, 0 keys, 0 commit groups, 0.0 writes per commit group, ingest: 0.00 GB, 0.00 MB/s
Cumulative WAL: 0 writes, 0 syncs, 0.00 writes per sync, written: 0.00 GB, 0.00 MB/s
Cumulative stall: 00:00:0.000 H:M:S, 0.0 percent
Interval writes: 0 writes, 0 keys, 0 commit groups, 0.0 writes per commit group, ingest: 0.00 MB, 0.00 MB/s
Interval WAL: 0 writes, 0 syncs, 0.00 writes per sync, written: 0.00 MB, 0.00 MB/s
Interval stall: 00:00:0.000 H:M:S, 0.0 percent

** Compaction Stats [default] **
